0.000000000000000000e+00 -2.357240149111033967e-01
9.999999999999976963e-02 -1.610336276425227697e-01
1.999999999999995393e-01 -1.207873396591944704e-01
2.999999999999993228e-01 -9.678822837467770945e-02
3.999999999999990785e-01 -8.096355156412710086e-02
4.999999999999988343e-01 -6.967102003932468257e-02
5.999999999999986455e-01 -6.120380316902385154e-02
6.999999999999984013e-01 -5.469339090225200373e-02
7.999999999999981570e-01 -4.962974282423587846e-02
8.999999999999979128e-01 -4.565848759675927848e-02
9.999999999999976685e-01 -4.250272114367448228e-02
1.099999999999997424e+00 -3.993831793398211483e-02
1.199999999999997291e+00 -3.778920872104046813e-02
1.299999999999996936e+00 -3.592723392423863293e-02
1.399999999999996803e+00 -3.426961436158770802e-02
1.499999999999996447e+00 -3.277137931897150525e-02
1.599999999999996314e+00 -3.141346254339494326e-02
1.699999999999996181e+00 -3.018966028612068975e-02
1.799999999999995826e+00 -2.909593164348650562e-02
1.899999999999995692e+00 -2.812387132698124237e-02
1.999999999999995337e+00 -2.725846381877716773e-02
2.099999999999995204e+00 -2.647947753691692885e-02
2.199999999999994849e+00 -2.576541323440290077e-02
2.299999999999994493e+00 -2.509818282354114860e-02
2.399999999999994582e+00 -2.446638814645918369e-02
2.499999999999994227e+00 -2.386598977820258982e-02
2.599999999999993872e+00 -2.329866262394003629e-02
2.699999999999993960e+00 -2.276892686716341929e-02
2.799999999999993605e+00 -2.228101719163111394e-02
2.899999999999993250e+00 -2.183625455606275079e-02
2.999999999999992895e+00 -2.143174103713724188e-02
3.099999999999992983e+00 -2.106090458525078368e-02
3.199999999999992628e+00 -2.071551739629906574e-02
3.299999999999992273e+00 -2.038806988966884726e-02
3.399999999999992362e+00 -2.007351916054489482e-02
3.499999999999992006e+00 -1.977006850551660255e-02
3.599999999999991651e+00 -1.947897599491094089e-02
3.699999999999991296e+00 -1.920341849447126936e-02
3.799999999999991385e+00 -1.894669640728813276e-02
3.899999999999991029e+00 -1.871053273276362949e-02
3.999999999999990674e+00 -1.849425161140944018e-02
4.099999999999990763e+00 -1.829502649816444615e-02
4.199999999999990408e+00 -1.810880750797205785e-02
4.299999999999990052e+00 -1.793148901697017017e-02
4.399999999999989697e+00 -1.776006243588762468e-02
4.499999999999989342e+00 -1.759344750404207014e-02
4.599999999999988987e+00 -1.743259203510799660e-02
4.699999999999989519e+00 -1.727972534196425825e-02
4.799999999999989164e+00 -1.713718983942474905e-02
4.899999999999988809e+00 -1.700645261651329010e-02
4.999999999999988454e+00 -1.688758391900579969e-02
5.099999999999988098e+00 -1.677918533367628307e-02
5.199999999999987743e+00 -1.667875824409509322e-02
5.299999999999987388e+00 -1.658351114675404858e-02
5.399999999999987921e+00 -1.649133762289983762e-02
5.499999999999987566e+00 -1.640146508502621225e-02
5.599999999999987210e+00 -1.631447718842338190e-02
5.699999999999986855e+00 -1.623185237586993734e-02
5.799999999999986500e+00 -1.615532935369018430e-02
5.899999999999986144e+00 -1.608626188959155767e-02
5.999999999999985789e+00 -1.602505876709675592e-02
6.099999999999986322e+00 -1.597093649488262601e-02
6.199999999999985967e+00 -1.592219540850464687e-02
6.299999999999985612e+00 -1.587689970327199607e-02
6.399999999999985256e+00 -1.583356184161099911e-02
6.499999999999984901e+00 -1.579153856314524651e-02
6.599999999999984546e+00 -1.575112805503448010e-02
6.699999999999984190e+00 -1.571342802639874581e-02
6.799999999999984723e+00 -1.567992642366422551e-02
6.899999999999984368e+00 -1.565188046022308876e-02
6.999999999999984013e+00 -1.562977531463299874e-02
7.099999999999983658e+00 -1.561317147555835172e-02
7.199999999999983302e+00 -1.560095466284294741e-02
7.299999999999982947e+00 -1.559175758905351206e-02
7.399999999999982592e+00 -1.558438067137990490e-02
7.499999999999983125e+00 -1.557817577670078668e-02
7.599999999999982769e+00 -1.557330243175375495e-02
7.699999999999982414e+00 -1.557066914544219527e-02
7.799999999999982059e+00 -1.557151909007015167e-02
7.899999999999981704e+00 -1.557690004440615006e-02
7.999999999999981348e+00 -1.558730954391013279e-02
8.099999999999981881e+00 -1.560258930084706952e-02
8.199999999999981526e+00 -1.562199050583662485e-02
8.299999999999981171e+00 -1.564439538637851790e-02
8.399999999999980815e+00 -1.566871877188741324e-02
8.499999999999980460e+00 -1.569435461617463279e-02
8.599999999999980105e+00 -1.572140130041727035e-02
8.699999999999979750e+00 -1.575054520410135162e-02
8.799999999999979394e+00 -1.578274368800963723e-02
8.899999999999979039e+00 -1.581889988887202891e-02
8.999999999999978684e+00 -1.585958183640501229e-02
9.099999999999978328e+00 -1.590479746534062544e-02
9.199999999999977973e+00 -1.595394435524616350e-02
9.299999999999979394e+00 -1.600604622803719623e-02
9.399999999999979039e+00 -1.606017248504532091e-02
9.499999999999978684e+00 -1.611578289255222174e-02
9.599999999999978328e+00 -1.617285448649119495e-02
9.699999999999977973e+00 -1.623184367452851218e-02
9.799999999999977618e+00 -1.629354831050161545e-02
9.899999999999977263e+00 -1.635884415111882317e-02
9.999999999999976907e+00 -1.642832606971045273e-02
1.009999999999997655e+01 -1.650204450931863631e-02
1.019999999999997620e+01 -1.657951557348597005e-02
1.029999999999997584e+01 -1.665996255239776680e-02
1.039999999999997549e+01 -1.674260256673248959e-02
1.049999999999997513e+01 -1.682687756451362038e-02
1.059999999999997478e+01 -1.691264005800247050e-02
1.069999999999997620e+01 -1.700024937968036554e-02
1.079999999999997584e+01 -1.709045940973585864e-02
1.089999999999997549e+01 -1.718409573937113022e-02
1.099999999999997513e+01 -1.728171553653656822e-02
1.109999999999997478e+01 -1.738344225172705482e-02
1.119999999999997442e+01 -1.748898144141913802e-02
1.129999999999997407e+01 -1.759772690636079995e-02
1.139999999999997371e+01 -1.770894337213285707e-02
1.149999999999997335e+01 -1.782204641691226277e-02
1.159999999999997300e+01 -1.793687515855751924e-02
1.169999999999997264e+01 -1.805376985326506700e-02
1.179999999999997229e+01 -1.817340386133831087e-02
1.189999999999997193e+01 -1.829651540238258489e-02
1.199999999999997158e+01 -1.842368716538433926e-02
1.209999999999997300e+01 -1.855518827325808306e-02
1.219999999999997264e+01 -1.869086845722200962e-02
1.229999999999997229e+01 -1.883018800523011960e-02
1.239999999999997193e+01 -1.897245076126746754e-02
1.249999999999997158e+01 -1.911713037049922459e-02
1.259999999999997122e+01 -1.926408312210448059e-02
1.269999999999997087e+01 -1.941356729335153020e-02
1.279999999999997051e+01 -1.956614845172333084e-02
1.289999999999997016e+01 -1.972255455302052152e-02
1.299999999999996980e+01 -1.988345858808787670e-02
1.309999999999996945e+01 -2.004921928046904389e-02
1.319999999999996909e+01 -2.021973637333529528e-02
1.329999999999996874e+01 -2.039454017308323097e-02
1.339999999999996838e+01 -2.057303951221900462e-02
1.349999999999996803e+01 -2.075475653564362588e-02
1.359999999999996945e+01 -2.093947981439492345e-02
1.369999999999996909e+01 -2.112736417635402431e-02
1.379999999999996874e+01 -2.131894776919190937e-02
1.389999999999996838e+01 -2.151499866837547348e-02
1.399999999999996803e+01 -2.171621755989772140e-02
1.409999999999996767e+01 -2.192297926940228736e-02
1.419999999999996732e+01 -2.213526004245724987e-02
1.429999999999996696e+01 -2.235271923933246363e-02
1.439999999999996660e+01 -2.257483616547384386e-02
1.449999999999996625e+01 -2.280108864676505531e-02
1.459999999999996589e+01 -2.303118685173960456e-02
1.469999999999996554e+01 -2.326526216107471789e-02
1.479999999999996518e+01 -2.350385818674483041e-02
1.489999999999996483e+01 -2.374771708786260760e-02
1.499999999999996625e+01 -2.399752047955189260e-02
1.509999999999996589e+01 -2.425371447628049681e-02
1.519999999999996554e+01 -2.451641307393165325e-02
1.529999999999996518e+01 -2.478536104647760530e-02
1.539999999999996483e+01 -2.506002454821054659e-02
1.549999999999996447e+01 -2.533984665259131352e-02
1.559999999999996412e+01 -2.562453996851238314e-02
1.569999999999996376e+01 -2.591422796346604107e-02
1.579999999999996341e+01 -2.620939280943673788e-02
1.589999999999996305e+01 -2.651073210469007124e-02
1.599999999999996270e+01 -2.681899130083198468e-02
1.609999999999996234e+01 -2.713475414099875138e-02
1.619999999999996376e+01 -2.745823101355571172e-02
1.629999999999996163e+01 -2.778919237505733664e-02
1.639999999999996305e+01 -2.812713042064152180e-02
1.649999999999996092e+01 -2.847153846699485014e-02
1.659999999999996234e+01 -2.882213233595803947e-02
1.669999999999996021e+01 -2.917896237544198579e-02
1.679999999999996163e+01 -2.954245643919467534e-02
1.689999999999995950e+01 -2.991337071686367421e-02
1.699999999999996092e+01 -3.029258125654887834e-02
1.709999999999996234e+01 -3.068077416798264956e-02
1.719999999999996021e+01 -3.107822835001744499e-02
1.729999999999996163e+01 -3.148481374845640834e-02
1.739999999999995950e+01 -3.190013995866924912e-02
1.749999999999996092e+01 -3.232374005906424319e-02
1.759999999999995879e+01 -3.275527232640618180e-02
1.769999999999996021e+01 -3.319474211813217002e-02
1.779999999999995808e+01 -3.364263387921673232e-02
1.789999999999995950e+01 -3.409981784809917871e-02
1.799999999999995737e+01 -3.456726655745312460e-02
1.809999999999995879e+01 -3.504577098336131291e-02
1.819999999999995666e+01 -3.553578419444458625e-02
1.829999999999995808e+01 -3.603737147370650318e-02
1.839999999999995595e+01 -3.655024084015628949e-02
1.849999999999995737e+01 -3.707391198626969198e-02
1.859999999999995879e+01 -3.760802971263349503e-02
1.869999999999995666e+01 -3.815265875362494619e-02
1.879999999999995808e+01 -3.870836860643905863e-02
1.889999999999995595e+01 -3.927609879130716797e-02
1.899999999999995737e+01 -3.985694065279671294e-02
1.909999999999995524e+01 -4.045191617200394330e-02
1.919999999999995666e+01 -4.106174579726029616e-02
1.929999999999995453e+01 -4.168666437466678198e-02
1.939999999999995595e+01 -4.232643802162860958e-02
1.949999999999995381e+01 -4.298063183256406461e-02
1.959999999999995524e+01 -4.364896517715599611e-02
1.969999999999995310e+01 -4.433155134053445856e-02
1.979999999999995453e+01 -4.502897785795362262e-02
1.989999999999995239e+01 -4.574228185556761250e-02
1.999999999999995381e+01 -4.647280439712198064e-02
2.009999999999995524e+01 -4.722187989072262893e-02
2.019999999999995310e+01 -4.799046760530356615e-02
2.029999999999995453e+01 -4.877895678422450310e-02
2.039999999999995239e+01 -4.958725578196981898e-02
2.049999999999995381e+01 -5.041505277439539690e-02
2.059999999999995168e+01 -5.126209632128453375e-02
2.069999999999995310e+01 -5.212846214707439474e-02
2.079999999999995097e+01 -5.301478687191429895e-02
2.089999999999995239e+01 -5.392233282848557518e-02
2.099999999999995026e+01 -5.485275911508280533e-02
2.109999999999995168e+01 -5.580769618996478387e-02
2.119999999999994955e+01 -5.678838083351628319e-02
2.129999999999995097e+01 -5.779550041084924317e-02
2.139999999999995239e+01 -5.882920991288836943e-02
2.149999999999995026e+01 -5.988928128880194324e-02
2.159999999999995168e+01 -6.097542585842369300e-02
2.169999999999994955e+01 -6.208774344253081834e-02
2.179999999999995097e+01 -6.322706151202672764e-02
2.189999999999994884e+01 -6.439494298482861812e-02
2.199999999999995026e+01 -6.559339615622328257e-02
2.209999999999994813e+01 -6.682449200357903907e-02
2.219999999999994955e+01 -6.809001276646176049e-02
2.229999999999994742e+01 -6.939115223599817694e-02
2.239999999999994884e+01 -7.072836740270627143e-02
2.249999999999994671e+01 -7.210155586670285999e-02
2.259999999999994813e+01 -7.351055643415438379e-02
2.269999999999994600e+01 -7.495570052620975643e-02
2.279999999999994742e+01 -7.643813065117971428e-02
2.289999999999994884e+01 -7.795983468394113158e-02
2.299999999999994671e+01 -7.952347612774157692e-02
2.309999999999994813e+01 -8.113202801162500144e-02
2.319999999999994600e+01 -8.278821952878340218e-02
2.329999999999994742e+01 -8.449401045226279106e-02
2.339999999999994529e+01 -8.625042311050357124e-02
2.349999999999994671e+01 -8.805783933033461963e-02
2.359999999999994458e+01 -8.991655167827045103e-02
2.369999999999994600e+01 -9.182731439576535815e-02
2.379999999999994387e+01 -9.379179699452749874e-02
2.389999999999994529e+01 -9.581286118333082191e-02
2.399999999999994316e+01 -9.789446425832515342e-02
2.409999999999994458e+01 -1.000410825326520925e-01
2.419999999999994600e+01 -1.022568967116504468e-01
2.429999999999994387e+01 -1.045451776469612515e-01
2.439999999999994529e+01 -1.069081110140247537e-01
2.449999999999994316e+01 -1.093470085798606273e-01
2.459999999999994458e+01 -1.118628182568711105e-01
2.469999999999994245e+01 -1.144569047968642117e-01
2.479999999999994387e+01 -1.171319042052421100e-01
2.489999999999994174e+01 -1.198922101016990371e-01
2.499999999999994316e+01 -1.227437650355536203e-01
2.509999999999994102e+01 -1.256932829446130162e-01
2.519999999999994245e+01 -1.287473122028876538e-01
2.529999999999994031e+01 -1.319114377166775709e-01
2.539999999999994174e+01 -1.351897713177557248e-01
2.549999999999993960e+01 -1.385849580955194615e-01
2.559999999999994102e+01 -1.420989274719112738e-01
2.569999999999994245e+01 -1.457342257061819413e-01
2.579999999999994031e+01 -1.494953082130140998e-01
2.589999999999994174e+01 -1.533891988612686719e-01
2.599999999999993960e+01 -1.574253664609853720e-01
2.609999999999994102e+01 -1.616149612908859279e-01
2.619999999999993889e+01 -1.659695504445852787e-01
2.629999999999994031e+01 -1.704996119393785148e-01
2.639999999999993818e+01 -1.752134196636866981e-01
2.649999999999993960e+01 -1.801170366230493425e-01
2.659999999999993747e+01 -1.852155746599697950e-01
2.669999999999993889e+01 -1.905151713694022697e-01
2.679999999999993676e+01 -1.960249495861494662e-01
2.689999999999993818e+01 -2.017584445881466237e-01
2.699999999999993605e+01 -2.077340545019041862e-01
2.709999999999993747e+01 -2.139740481618602752e-01
2.719999999999993889e+01 -2.205021324853483899e-01
2.729999999999993676e+01 -2.273404980764615613e-01
2.739999999999993818e+01 -2.345077438515349999e-01
2.749999999999993605e+01 -2.420186255766641481e-01
2.759999999999993747e+01 -2.498857756307259481e-01
2.769999999999993534e+01 -2.581231046102457904e-01
2.779999999999993676e+01 -2.667502753403798721e-01
2.789999999999993463e+01 -2.757969354502843862e-01
2.799999999999993605e+01 -2.853048035324788900e-01
2.809999999999993392e+01 -2.953262577973126968e-01
2.819999999999993534e+01 -3.059197107683668815e-01
2.829999999999993321e+01 -3.171434933776676734e-01
2.839999999999993463e+01 -3.290504563286446027e-01
2.849999999999993605e+01 -3.416855744806898132e-01
2.859999999999993392e+01 -3.550889224531144639e-01
2.869999999999993534e+01 -3.693055853087253704e-01
2.879999999999993321e+01 -3.844015401161366419e-01
2.889999999999993463e+01 -4.004813651889991277e-01
2.899999999999993250e+01 -4.177019387978126441e-01
2.909999999999993392e+01 -4.362768099774981811e-01
2.919999999999993179e+01 -4.564679111980409210e-01
2.929999999999993321e+01 -4.785652730927530962e-01
2.939999999999993108e+01 -5.028648662536036040e-01
2.949999999999993250e+01 -5.296750884806933346e-01
2.959999999999993037e+01 -5.594226798837740322e-01
2.969999999999993179e+01 -5.930118500296096551e-01
2.979999999999992966e+01 -6.327756855236158495e-01
2.989999999999993108e+01 -6.847864993750656382e-01
2.999999999999993250e+01 -7.642759850888284356e-01
