0.000000000000000000e+00 -2.340349574745888006e-01
9.999999999999976963e-02 -1.628433746205970589e-01
1.999999999999995393e-01 -1.220407966675912670e-01
2.999999999999993228e-01 -9.692498076655457762e-02
3.999999999999990785e-01 -8.046208256334215492e-02
4.999999999999988343e-01 -6.906794010916106341e-02
5.999999999999986455e-01 -6.080765893478034395e-02
6.999999999999984013e-01 -5.458031919935234927e-02
7.999999999999981570e-01 -4.972897302969345179e-02
8.999999999999979128e-01 -4.584440689740203884e-02
9.999999999999976685e-01 -4.266169864405587597e-02
1.099999999999997424e+00 -4.000330996653150839e-02
1.199999999999997291e+00 -3.774652967707314843e-02
1.299999999999996936e+00 -3.580416840506052412e-02
1.399999999999996803e+00 -3.411272963112313428e-02
1.499999999999996447e+00 -3.262494126690820839e-02
1.599999999999996314e+00 -3.130490944119515562e-02
1.699999999999996181e+00 -3.012489411614509630e-02
1.799999999999995826e+00 -2.906311409904600504e-02
1.899999999999995692e+00 -2.810222117670264225e-02
1.999999999999995337e+00 -2.722821884102257298e-02
2.099999999999995204e+00 -2.642968245690643925e-02
2.199999999999994849e+00 -2.569718766730793788e-02
2.299999999999994493e+00 -2.502288515278225725e-02
2.399999999999994582e+00 -2.440017990781380430e-02
2.499999999999994227e+00 -2.382348626790278812e-02
2.599999999999993872e+00 -2.328803859670956419e-02
2.699999999999993960e+00 -2.278974339530693421e-02
2.799999999999993605e+00 -2.232506260509520973e-02
2.899999999999993250e+00 -2.189092066237923948e-02
2.999999999999992895e+00 -2.148462982525247561e-02
3.099999999999992983e+00 -2.110382969336992154e-02
3.199999999999992628e+00 -2.074643785162412490e-02
3.299999999999992273e+00 -2.041060930620108155e-02
3.399999999999992362e+00 -2.009470292538395597e-02
3.499999999999992006e+00 -1.979725350257899308e-02
3.599999999999991651e+00 -1.951694836359108703e-02
3.699999999999991296e+00 -1.925260767115345023e-02
3.799999999999991385e+00 -1.900316775635106648e-02
3.899999999999991029e+00 -1.876766694272712435e-02
3.999999999999990674e+00 -1.854523343457774309e-02
4.099999999999990763e+00 -1.833507492361960423e-02
4.199999999999990408e+00 -1.813646963330166687e-02
4.299999999999990052e+00 -1.794875857160548038e-02
4.399999999999989697e+00 -1.777133880428356794e-02
4.499999999999989342e+00 -1.760365759344515932e-02
4.599999999999988987e+00 -1.744520727296743415e-02
4.699999999999989519e+00 -1.729552075373829920e-02
4.799999999999989164e+00 -1.715416756927754666e-02
4.899999999999988809e+00 -1.702075038662773099e-02
4.999999999999988454e+00 -1.689490191920880319e-02
5.099999999999988098e+00 -1.677628218806926849e-02
5.199999999999987743e+00 -1.666457608604398483e-02
5.299999999999987388e+00 -1.655949120605349628e-02
5.399999999999987921e+00 -1.646075590040093489e-02
5.499999999999987566e+00 -1.636811754263385599e-02
5.599999999999987210e+00 -1.628134096750897056e-02
5.699999999999986855e+00 -1.620020706794967832e-02
5.799999999999986500e+00 -1.612451153072574916e-02
5.899999999999986144e+00 -1.605406369500065808e-02
5.999999999999985789e+00 -1.598868551995202836e-02
6.099999999999986322e+00 -1.592821064943095860e-02
6.199999999999985967e+00 -1.587248356313802206e-02
6.299999999999985612e+00 -1.582135880509189657e-02
6.399999999999985256e+00 -1.577470028128873797e-02
6.499999999999984901e+00 -1.573238061941668181e-02
6.599999999999984546e+00 -1.569428058433286130e-02
6.699999999999984190e+00 -1.566028854373494733e-02
6.799999999999984723e+00 -1.563029997909996804e-02
6.899999999999984368e+00 -1.560421703751191033e-02
6.999999999999984013e+00 -1.558194812048812813e-02
7.099999999999983658e+00 -1.556340750633790695e-02
7.199999999999983302e+00 -1.554851500295964702e-02
7.299999999999982947e+00 -1.553719562831132328e-02
7.399999999999982592e+00 -1.552937931607954562e-02
7.499999999999983125e+00 -1.552500064432621105e-02
7.599999999999982769e+00 -1.552399858511991498e-02
7.699999999999982414e+00 -1.552631627335866391e-02
7.799999999999982059e+00 -1.553190079316900916e-02
7.899999999999981704e+00 -1.554070298042521149e-02
7.999999999999981348e+00 -1.555267724007280972e-02
8.099999999999981881e+00 -1.556778137706772876e-02
8.199999999999981526e+00 -1.558597643985350743e-02
8.299999999999981171e+00 -1.560722657540135512e-02
8.399999999999980815e+00 -1.563149889492691097e-02
8.499999999999980460e+00 -1.565876334947956597e-02
8.599999999999980105e+00 -1.568899261467268658e-02
8.699999999999979750e+00 -1.572216198388887154e-02
8.799999999999979394e+00 -1.575824926935396469e-02
8.899999999999979039e+00 -1.579723471052629086e-02
8.999999999999978684e+00 -1.583910088929631893e-02
9.099999999999978328e+00 -1.588383265153669316e-02
9.199999999999977973e+00 -1.593141703457966185e-02
9.299999999999979394e+00 -1.598184320023808905e-02
9.399999999999979039e+00 -1.603510237301684210e-02
9.499999999999978684e+00 -1.609118778319222967e-02
9.599999999999978328e+00 -1.615009461446313688e-02
9.699999999999977973e+00 -1.621181995590361205e-02
9.799999999999977618e+00 -1.627636275796928017e-02
9.899999999999977263e+00 -1.634372379232908526e-02
9.999999999999976907e+00 -1.641390561531461470e-02
1.009999999999997655e+01 -1.648691253479582508e-02
1.019999999999997620e+01 -1.656275058030859046e-02
1.029999999999997584e+01 -1.664142747627285132e-02
1.039999999999997549e+01 -1.672295261815612624e-02
1.049999999999997513e+01 -1.680733705144683149e-02
1.059999999999997478e+01 -1.689459345331548873e-02
1.069999999999997620e+01 -1.698473611685301365e-02
1.079999999999997584e+01 -1.707778093778189454e-02
1.089999999999997549e+01 -1.717374540355030149e-02
1.099999999999997513e+01 -1.727264858472289666e-02
1.109999999999997478e+01 -1.737451112859405775e-02
1.119999999999997442e+01 -1.747935525495427148e-02
1.129999999999997407e+01 -1.758720475394811439e-02
1.139999999999997371e+01 -1.769808498597031862e-02
1.149999999999997335e+01 -1.781202288354930691e-02
1.159999999999997300e+01 -1.792904695517755914e-02
1.169999999999997264e+01 -1.804918729105052522e-02
1.179999999999997229e+01 -1.817247557068223454e-02
1.189999999999997193e+01 -1.829894507237182777e-02
1.199999999999997158e+01 -1.842863068449726582e-02
1.209999999999997300e+01 -1.856156891862057595e-02
1.219999999999997264e+01 -1.869779792439010130e-02
1.229999999999997229e+01 -1.883735750623182631e-02
1.239999999999997193e+01 -1.898028914182515667e-02
1.249999999999997158e+01 -1.912663600236142250e-02
1.259999999999997122e+01 -1.927644297458948330e-02
1.269999999999997087e+01 -1.942975668465484265e-02
1.279999999999997051e+01 -1.958662552374285104e-02
1.289999999999997016e+01 -1.974709967554052689e-02
1.299999999999996980e+01 -1.991123114553508197e-02
1.309999999999996945e+01 -2.007907379217040156e-02
1.319999999999996909e+01 -2.025068335988680981e-02
1.329999999999996874e+01 -2.042611751407298268e-02
1.339999999999996838e+01 -2.060543587796173984e-02
1.349999999999996803e+01 -2.078870007150641908e-02
1.359999999999996945e+01 -2.097597375227657629e-02
1.369999999999996909e+01 -2.116732265841661867e-02
1.379999999999996874e+01 -2.136281465371452082e-02
1.389999999999996838e+01 -2.156251977483036181e-02
1.399999999999996803e+01 -2.176651028074053779e-02
1.409999999999996767e+01 -2.197486070445535053e-02
1.419999999999996732e+01 -2.218764790707301177e-02
1.429999999999996696e+01 -2.240495113423601747e-02
1.439999999999996660e+01 -2.262685207506289625e-02
1.449999999999996625e+01 -2.285343492362801321e-02
1.459999999999996589e+01 -2.308478644307246710e-02
1.469999999999996554e+01 -2.332099603242886177e-02
1.479999999999996518e+01 -2.356215579625058759e-02
1.489999999999996483e+01 -2.380836061714054763e-02
1.499999999999996625e+01 -2.405970823127930036e-02
1.509999999999996589e+01 -2.431629930705852052e-02
1.519999999999996554e+01 -2.457823752693151856e-02
1.529999999999996518e+01 -2.484562967259779445e-02
1.539999999999996483e+01 -2.511858571364668918e-02
1.549999999999996447e+01 -2.539721889978919372e-02
1.559999999999996412e+01 -2.568164585681663448e-02
1.569999999999996376e+01 -2.597198668643030048e-02
1.579999999999996341e+01 -2.626836507009413027e-02
1.589999999999996305e+01 -2.657090837707132280e-02
1.599999999999996270e+01 -2.687974777681287342e-02
1.609999999999996234e+01 -2.719501835587584751e-02
1.619999999999996376e+01 -2.751685923955838470e-02
1.629999999999996163e+01 -2.784541371844697147e-02
1.639999999999996305e+01 -2.818082938008378488e-02
1.649999999999996092e+01 -2.852325824597123222e-02
1.659999999999996234e+01 -2.887285691414247582e-02
1.669999999999996021e+01 -2.922978670753918068e-02
1.679999999999996163e+01 -2.959421382845093054e-02
1.689999999999995950e+01 -2.996630951928188138e-02
1.699999999999996092e+01 -3.034625022992768276e-02
1.709999999999996234e+01 -3.073421779205825349e-02
1.719999999999996021e+01 -3.113039960061850936e-02
1.729999999999996163e+01 -3.153498880287659151e-02
1.739999999999995950e+01 -3.194818449536596799e-02
1.749999999999996092e+01 -3.237019192908764664e-02
1.759999999999995879e+01 -3.280122272335621314e-02
1.769999999999996021e+01 -3.324149508869971709e-02
1.779999999999995808e+01 -3.369123405923932918e-02
1.789999999999995950e+01 -3.415067173500289238e-02
1.799999999999995737e+01 -3.462004753465136586e-02
1.809999999999995879e+01 -3.509960845912171723e-02
1.819999999999995666e+01 -3.558960936672098813e-02
1.829999999999995808e+01 -3.609031326023411090e-02
1.839999999999995595e+01 -3.660199158664285274e-02
1.849999999999995737e+01 -3.712492455008545994e-02
1.859999999999995879e+01 -3.765940143872339302e-02
1.869999999999995666e+01 -3.820572096622201763e-02
1.879999999999995808e+01 -3.876419162859137679e-02
1.889999999999995595e+01 -3.933513207717839050e-02
1.899999999999995737e+01 -3.991887150865016526e-02
1.909999999999995524e+01 -4.051575007285502378e-02
1.919999999999995666e+01 -4.112611929950480555e-02
1.929999999999995453e+01 -4.175034254467828443e-02
1.939999999999995595e+01 -4.238879545820607719e-02
1.949999999999995381e+01 -4.304186647306333657e-02
1.959999999999995524e+01 -4.370995731796697287e-02
1.969999999999995310e+01 -4.439348355445001115e-02
1.979999999999995453e+01 -4.509287513976269895e-02
1.989999999999995239e+01 -4.580857701704067059e-02
1.999999999999995381e+01 -4.654104973427024283e-02
2.009999999999995524e+01 -4.729077009367863710e-02
2.019999999999995310e+01 -4.805823183328760545e-02
2.029999999999995453e+01 -4.884394634247914146e-02
2.039999999999995239e+01 -4.964844341354650997e-02
2.049999999999995381e+01 -5.047227203133670959e-02
2.059999999999995168e+01 -5.131600120323058511e-02
2.069999999999995310e+01 -5.218022083186169002e-02
2.079999999999995097e+01 -5.306554263314048475e-02
2.089999999999995239e+01 -5.397260110232471320e-02
2.099999999999995026e+01 -5.490205453107549483e-02
2.109999999999995168e+01 -5.585458607863753866e-02
2.119999999999994955e+01 -5.683090490051489335e-02
2.129999999999995097e+01 -5.783174733824785613e-02
2.139999999999995239e+01 -5.885787817416570505e-02
2.149999999999995026e+01 -5.991009195526894593e-02
2.159999999999995168e+01 -6.098921439070553036e-02
2.169999999999994955e+01 -6.209610382763845055e-02
2.179999999999995097e+01 -6.323165281066540910e-02
2.189999999999994884e+01 -6.439678973034286547e-02
2.199999999999995026e+01 -6.559248056680103134e-02
2.209999999999994813e+01 -6.681973073489411163e-02
2.219999999999994955e+01 -6.807958703784575127e-02
2.229999999999994742e+01 -6.937313973690190094e-02
2.239999999999994884e+01 -7.070152474510275897e-02
2.249999999999994671e+01 -7.206592595395495959e-02
2.259999999999994813e+01 -7.346757770250039732e-02
2.269999999999994600e+01 -7.490776739907240023e-02
2.279999999999994742e+01 -7.638783830689510612e-02
2.289999999999994884e+01 -7.790919250563536902e-02
2.299999999999994671e+01 -7.947329404205663583e-02
2.309999999999994813e+01 -8.108167228407840710e-02
2.319999999999994600e+01 -8.273592549379905903e-02
2.329999999999994742e+01 -8.443772463644705351e-02
2.339999999999994529e+01 -8.618881744374681797e-02
2.349999999999994671e+01 -8.799103275189691653e-02
2.359999999999994458e+01 -8.984628513622759660e-02
2.369999999999994600e+01 -9.175657986669466526e-02
2.379999999999994387e+01 -9.372401821066704553e-02
2.389999999999994529e+01 -9.575080311203854055e-02
2.399999999999994316e+01 -9.783924527854520603e-02
2.409999999999994458e+01 -9.999176971235000655e-02
2.419999999999994600e+01 -1.022109227225099642e-01
2.429999999999994387e+01 -1.044993794619100969e-01
2.439999999999994529e+01 -1.068599520356926097e-01
2.449999999999994316e+01 -1.092955982331994258e-01
2.459999999999994458e+01 -1.118094309410580800e-01
2.469999999999994245e+01 -1.144047283013440997e-01
2.479999999999994387e+01 -1.170849446858975018e-01
2.489999999999994174e+01 -1.198537225659119937e-01
2.499999999999994316e+01 -1.227149053650669064e-01
2.509999999999994102e+01 -1.256725513948338258e-01
2.519999999999994245e+01 -1.287309489824160214e-01
2.529999999999994031e+01 -1.318946329152606012e-01
2.539999999999994174e+01 -1.351684023415192781e-01
2.549999999999993960e+01 -1.385573402835533208e-01
2.559999999999994102e+01 -1.420668349419646759e-01
2.569999999999994245e+01 -1.457026029911781539e-01
2.579999999999994031e+01 -1.494707150948648977e-01
2.589999999999994174e+01 -1.533776239011737930e-01
2.599999999999993960e+01 -1.574301948147072971e-01
2.609999999999994102e+01 -1.616357398854126881e-01
2.619999999999993889e+01 -1.660020552054295440e-01
2.629999999999994031e+01 -1.705374622649414029e-01
2.639999999999993818e+01 -1.752508537892513152e-01
2.649999999999993960e+01 -1.801517446641039966e-01
2.659999999999993747e+01 -1.852503286578399966e-01
2.669999999999993889e+01 -1.905575417712885022e-01
2.679999999999993676e+01 -1.960851331944788167e-01
2.689999999999993818e+01 -2.018457450299379341e-01
2.699999999999993605e+01 -2.078530021641233905e-01
2.709999999999993747e+01 -2.141216139428335774e-01
2.719999999999993889e+01 -2.206674896483875326e-01
2.729999999999993676e+01 -2.275078702063336178e-01
2.739999999999993818e+01 -2.346614790951993545e-01
2.749999999999993605e+01 -2.421486961325826637e-01
2.759999999999993747e+01 -2.499917587181645084e-01
2.769999999999993534e+01 -2.582149963046944108e-01
2.779999999999993676e+01 -2.668451054507295916e-01
2.789999999999993463e+01 -2.759114749432260427e-01
2.799999999999993605e+01 -2.854465734013899580e-01
2.809999999999993392e+01 -2.954864158453164857e-01
2.819999999999993534e+01 -3.060711314906683911e-01
2.829999999999993321e+01 -3.172456633938579573e-01
2.839999999999993463e+01 -3.290606429430689706e-01
2.849999999999993605e+01 -3.415735009238909936e-01
2.859999999999993392e+01 -3.548499059846162984e-01
2.869999999999993534e+01 -3.689656677674936769e-01
2.879999999999993321e+01 -3.840093183015145795e-01
2.889999999999993463e+01 -4.000857147010005721e-01
2.899999999999993250e+01 -4.173212332224673360e-01
2.909999999999993392e+01 -4.358715372708057423e-01
2.919999999999993179e+01 -4.559336805716023289e-01
2.929999999999993321e+01 -4.777658364870655539e-01
2.939999999999993108e+01 -5.017210804028839899e-01
2.949999999999993250e+01 -5.283083760789326622e-01
2.959999999999993037e+01 -5.583090350394692702e-01
2.969999999999993179e+01 -5.930126580269073910e-01
2.979999999999992966e+01 -6.347256541869709112e-01
2.989999999999993108e+01 -6.879402688314885106e-01
2.999999999999993250e+01 -7.622087226844389551e-01
